AdjacencyGraph
128
708
0
19
33
45
53
65
71
81
86
95
109
120
127
135
143
151
157
165
170
178
180
185
189
194
197
205
217
228
234
245
250
257
262
272
274
281
292
305
313
325
331
340
348
353
361
366
378
383
395
399
408
413
417
421
425
429
432
436
440
444
446
450
455
464
473
476
481
484
491
501
509
516
523
528
531
537
546
548
552
557
564
568
572
574
577
583
590
595
597
599
603
610
615
617
620
625
627
630
632
634
638
642
646
647
652
657
660
662
665
667
669
670
672
675
677
680
685
688
689
690
693
694
698
702
704
704
704
704
2
3
5
6
8
11
18
22
36
41
45
49
68
70
79
84
86
91
122
9
21
35
46
66
68
70
74
75
79
86
89
91
92
0
3
6
8
9
13
22
24
26
38
68
116
0
2
4
5
6
7
8
22
3
6
10
14
28
63
71
75
79
80
85
115
0
3
7
8
10
100
0
2
3
4
11
26
38
53
62
63
3
5
11
63
65
0
2
3
5
12
13
65
73
112
1
2
10
14
25
32
36
62
63
67
68
71
80
85
4
5
9
11
12
13
14
54
69
90
91
0
6
7
10
12
16
36
8
10
11
15
20
47
96
122
2
8
10
15
18
24
29
62
4
9
10
27
29
36
67
68
12
13
16
17
61
115
11
15
17
18
19
109
112
113
15
16
52
53
122
0
13
16
19
20
21
22
23
16
18
12
18
21
119
120
1
18
20
42
0
2
3
18
24
18
41
65
2
13
22
25
26
27
28
78
9
24
28
41
45
47
54
63
67
114
121
127
2
6
24
31
36
38
40
42
114
115
116
14
24
38
66
71
121
4
24
25
29
30
43
50
103
107
110
111
13
14
28
30
115
28
29
31
32
33
71
113
26
30
32
81
99
9
30
31
34
35
36
37
38
85
123
30
34
32
33
35
69
72
94
121
1
32
34
36
37
38
39
41
84
100
119
0
9
11
14
26
32
35
39
41
84
85
101
122
32
35
38
39
40
43
44
127
2
6
26
27
32
35
37
103
104
105
112
127
35
36
37
42
72
106
26
37
51
63
65
69
83
100
103
0
23
25
35
36
43
44
45
21
26
39
59
83
28
37
41
45
46
47
48
123
37
41
67
74
121
0
25
41
43
46
49
51
75
78
79
81
108
1
43
45
79
111
12
25
43
48
49
50
56
62
63
75
101
127
43
47
49
62
0
45
47
48
50
51
52
53
54
28
47
49
51
94
40
45
49
50
17
49
53
55
6
17
49
52
10
25
49
56
52
56
58
47
54
55
57
56
59
60
61
55
80
84
97
42
57
57
104
107
109
15
57
62
77
90
6
9
13
47
48
61
63
64
66
4
6
7
9
25
40
47
62
91
62
65
67
7
8
23
40
64
1
27
62
9
14
25
44
64
68
90
0
1
2
9
14
67
69
70
114
115
10
34
40
68
70
71
73
105
0
1
68
69
71
72
74
4
9
27
30
69
70
75
34
39
70
73
104
8
69
72
1
44
70
75
77
78
1
4
45
47
71
74
76
79
80
75
77
61
74
76
78
24
45
74
77
81
0
1
4
45
46
75
86
4
9
58
75
31
45
78
82
81
83
40
42
82
0
35
36
58
85
86
4
9
32
36
84
86
87
0
1
79
84
85
85
88
87
89
1
88
90
91
10
61
67
89
92
93
94
0
1
10
63
89
1
90
90
96
97
34
50
90
95
98
94
96
12
93
95
58
93
94
99
31
98
100
101
5
35
40
99
36
47
99
102
101
28
38
40
104
105
38
60
72
103
106
38
69
103
39
104
28
60
108
45
107
16
60
28
28
46
8
16
38
16
30
25
26
68
4
15
26
29
68
2
26
117
116
119
20
35
118
20
25
27
34
44
0
12
17
36
32
43
25
37
38
47
